verts, 0, 0.30000037, -1.5000002, 1, 0.5, 1.00607174E-07, 0.7278878, -0.6856963, -9.477557E-08, -0.6856963, -0.72788775, -0.99974674, 0.015432388, 0.01638181, 
verts, 0, 0.29999998, 1.5000002, 1, 1, -7.274167E-08, 0.7278875, 0.6856966, -6.852529E-08, 0.6856966, -0.7278874, -0.99974674, 0.015432116, -0.016381763, 
verts, 0.058527134, 0.2942356, 1.5000002, 0.96875, 1, 0.1420037, 0.71390146, 0.68569636, 0.13377257, 0.6725208, -0.72788775, -0.9835475, 0.17990509, 0.016381694, 
verts, 0.058527134, 0.29423594, -1.5000002, 0.96875, 0.5, 0.14200386, 0.71390146, -0.6856964, -0.1337728, -0.6725209, -0.72788763, -0.9835475, 0.17990516, -0.016381884, 
verts, 0.1148051, 0.27716383, 1.5000002, 0.9375, 1, 0.2785505, 0.67248034, 0.6856966, 0.26240468, 0.63350105, -0.72788745, -0.92955124, 0.36832884, 0.016381964, 
verts, 0.1148051, 0.27716422, -1.5000002, 0.9375, 0.5, 0.27855068, 0.6724804, -0.6856963, -0.2624048, -0.63350064, -0.7278878, -0.92955124, 0.36832908, -0.016381979, 
verts, 0.16667117, 0.24944085, 1.5000002, 0.90625, 1, 0.4043926, 0.60521644, 0.6856965, 0.38095248, 0.5701359, -0.72788763, -0.8398327, 0.54259807, 0.016381677, 
verts, 0.16667117, 0.2494412, -1.5000002, 0.90625, 0.5, 0.40439278, 0.60521644, -0.6856964, -0.3809527, -0.57013565, -0.72788763, -0.8398327, 0.5425981, -0.016381804, 
verts, 0.21213216, 0.21213198, 1.5000002, 0.875, 1, 0.5146941, 0.51469433, 0.6856966, 0.48486054, 0.48486093, -0.72788745, -0.71784014, 0.69601524, 0.016381836, 
verts, 0.21213216, 0.21213235, -1.5000002, 0.875, 0.5, 0.5146943, 0.51469433, -0.6856963, -0.48486054, -0.48486042, -0.7278878, -0.7178401, 0.6960153, -0.01638191, 
verts, 0.24944104, 0.166671, 1.5000002, 0.84375, 1, 0.6052164, 0.4043928, 0.6856964, 0.5701356, 0.38095272, -0.7278877, -0.56826115, 0.8226852, 0.016381875, 
verts, 0.24944104, 0.16667137, -1.5000002, 0.84375, 0.5, 0.60521644, 0.40439278, -0.6856963, -0.57013565, -0.38095236, -0.72788775, -0.56826115, 0.8226852, -0.016381932, 
verts, 0.27716404, 0.114804916, 1.5000002, 0.8125, 1, 0.67248046, 0.27855048, 0.6856964, 0.6335008, 0.26240474, -0.72788763, -0.3968441, 0.91773987, 0.016381925, 
verts, 0.27716404, 0.1148053, -1.5000002, 0.8125, 0.5, 0.6724806, 0.27855042, -0.6856963, -0.6335009, -0.26240432, -0.7278878, -0.39684403, 0.91773987, -0.016381979, 
verts, 0.29423577, 0.05852694, 1.5000002, 0.78125, 1, 0.71390146, 0.14200376, 0.68569636, 0.6725208, 0.13377282, -0.7278878, -0.21017659, 0.97752625, 0.01638185, 
verts, 0.29423577, 0.058527328, -1.5000002, 0.78125, 0.5, 0.71390164, 0.14200377, -0.68569636, -0.67252094, -0.13377248, -0.72788775, -0.21017657, 0.97752625, -0.016381873, 
verts, 0.3000002, -1.9192738E-07, 1.5000002, 0.75, 1, 0.7278877, -6.938426E-09, 0.6856964, 0.6856964, 1.703401E-07, -0.72788763, -0.015432314, 0.99974674, 0.016381888, 
verts, 0.3000002, 1.9192738E-07, -1.5000002, 0.75, 0.5, 0.72788775, 6.938424E-09, -0.68569624, -0.6856963, 1.7088585E-07, -0.7278878, -0.015432322, 0.99974674, -0.016381871, 
verts, 0.29423577, -0.058527328, 1.5000002, 0.71875, 1, 0.71390146, -0.14200377, 0.68569636, 0.6725209, -0.13377249, -0.7278878, 0.17990506, 0.9835475, 0.016381832, 
verts, 0.29423577, -0.05852694, -1.5000002, 0.71875, 0.5, 0.71390164, -0.14200376, -0.68569636, -0.6725209, 0.1337728, -0.7278877, 0.17990503, 0.9835475, -0.016381796, 
verts, 0.27716404, -0.1148053, 1.5000002, 0.6875, 1, 0.67248046, -0.27855045, 0.6856964, 0.6335009, -0.2624044, -0.7278877, 0.36832884, 0.92955124, 0.01638184, 
verts, 0.27716404, -0.114804916, -1.5000002, 0.6875, 0.5, 0.6724806, -0.27855045, -0.68569636, -0.6335008, 0.26240468, -0.7278877, 0.3683288, 0.9295513, -0.016381836, 
verts, 0.24944104, -0.16667137, 1.5000002, 0.65625, 1, 0.6052163, -0.40439284, 0.6856964, 0.5701357, -0.38095257, -0.72788763, 0.54259825, 0.83983266, 0.016381923, 
verts, 0.24944104, -0.166671, -1.5000002, 0.65625, 0.5, 0.6052165, -0.40439275, -0.68569636, -0.57013553, 0.3809526, -0.72788775, 0.54259807, 0.8398327, -0.016381802, 
verts, 0.21213216, -0.21213235, 1.5000002, 0.625, 1, 0.5146942, -0.5146945, 0.6856964, 0.48486054, -0.4848607, -0.7278876, 0.6960156, 0.7178398, 0.016381895, 
verts, 0.21213216, -0.21213198, -1.5000002, 0.625, 0.5, 0.5146942, -0.51469433, -0.6856965, -0.4848605, 0.48486075, -0.7278876, 0.69601554, 0.71783984, -0.016381843, 
verts, 0.16667117, -0.2494412, 1.5000002, 0.59375, 1, 0.40439266, -0.6052165, 0.6856964, 0.22094075, -0.6628832, -0.7153817, 0.86211056, 0.50255126, -0.06486674, 
verts, 0.16667117, -0.24944085, -1.5000002, 0.59375, 0.5, 0.4043928, -0.60521644, -0.6856964, -0.3809525, 0.5701357, -0.72788763, 0.82268524, 0.5682611, -0.016381804, 
verts, 0.1148051, -0.27716422, 1.5000002, 0.5625, 1, 0.27855057, -0.6724806, 0.6856964, 0.13728923, -0.67874134, -0.7214305, 0.9362687, 0.34924188, -0.037829865, 
verts, 0.1148051, -0.27716383, -1.5000002, 0.5625, 0.5, 0.27855068, -0.67248034, -0.68569654, -0.26240483, 0.63350105, -0.72788745, 0.9177398, 0.39684427, -0.016381742, 
verts, 0.058527134, -0.29423594, 1.5000002, 0.53125, 1, 0.1420037, -0.71390146, 0.6856964, 0.06461777, -0.6845532, -0.7260933, 0.9829184, 0.1836254, -0.012378048, 
verts, 0.058527134, -0.2942356, -1.5000002, 0.53125, 0.5, 0.14200388, -0.71390146, -0.68569636, -0.13377272, 0.6725209, -0.72788775, 0.9775262, 0.21017677, -0.016381858, 
verts, 0, -0.30000037, 1.5000002, 0.5, 1, -7.2853474E-08, -0.7278878, 0.6856963, -4.4954955E-08, -0.6856963, -0.7278878, 0.99985766, 0.011568628, 0.012280559, 
verts, 0, -0.29999998, -1.5000002, 0.5, 0.5, 1.0001981E-07, -0.7278875, -0.6856966, -9.422229E-08, 0.6856966, -0.7278874, 0.99974674, 0.015432323, -0.016381728, 
verts, -0.058527134, -0.29423594, 1.5000002, 0.46875, 1, -0.14200383, -0.71390146, 0.6856964, -0.06461783, -0.68455327, -0.72609323, 0.986312, -0.1606955, 0.036954157, 
verts, -0.058527134, -0.2942356, -1.5000002, 0.46875, 0.5, -0.14200369, -0.71390146, -0.68569636, 0.13377254, 0.6725208, -0.72788775, 0.98354757, -0.17990495, -0.016381852, 
verts, -0.1148051, -0.27716422, 1.5000002, 0.4375, 1, -0.27855068, -0.67248046, 0.68569636, -0.13728926, -0.67874116, -0.72143054, 0.9429866, -0.32691917, 0.062451534, 
verts, -0.1148051, -0.27716383, -1.5000002, 0.4375, 0.5, -0.27855048, -0.6724804, -0.6856966, 0.26240465, 0.6335011, -0.72788745, 0.92955124, -0.368329, -0.016381761, 
verts, -0.16667117, -0.2494412, 1.5000002, 0.40625, 1, -0.40439275, -0.60521644, 0.68569636, -0.2209408, -0.6628831, -0.71538174, 0.87203085, -0.4811842, 0.08957662, 
verts, -0.16667117, -0.24944085, -1.5000002, 0.40625, 0.5, -0.4043926, -0.60521644, -0.6856964, 0.38095236, 0.5701358, -0.7278877, 0.8398328, -0.542598, -0.01638183, 
verts, -0.21213216, -0.21213235, 1.5000002, 0.375, 1, -0.51469433, -0.5146944, 0.68569636, -0.48486057, -0.4848605, -0.7278877, 0.71783996, -0.6960154, 0.016381864, 
verts, -0.21213216, -0.21213198, -1.5000002, 0.375, 0.5, -0.51469404, -0.51469433, -0.68569654, 0.48486045, 0.4848609, -0.7278875, 0.71784014, -0.69601524, -0.016381742, 
verts, -0.24944104, -0.16667137, 1.5000002, 0.34375, 1, -0.60521644, -0.40439278, 0.6856963, -0.57013565, -0.38095242, -0.72788775, 0.56826115, -0.8226852, 0.016381932, 
verts, -0.24944104, -0.166671, -1.5000002, 0.34375, 0.5, -0.6052164, -0.4043928, -0.6856964, 0.5701356, 0.38095272, -0.7278877, 0.56826115, -0.8226852, -0.016381875, 
verts, -0.27716404, -0.1148053, 1.5000002, 0.3125, 1, -0.6724806, -0.27855042, 0.68569636, -0.6335009, -0.26240432, -0.7278878, 0.396844, -0.9177399, 0.01638194, 
verts, -0.27716404, -0.114804916, -1.5000002, 0.3125, 0.5, -0.67248046, -0.27855048, -0.6856964, 0.6335008, 0.26240474, -0.72788763, 0.39684403, -0.91773987, -0.016381888, 
verts, -0.29423577, -0.058527328, 1.5000002, 0.28125, 1, -0.7139016, -0.14200377, 0.68569636, -0.6725209, -0.13377248, -0.7278878, 0.21017657, -0.97752625, 0.016381856, 
verts, -0.29423577, -0.05852694, -1.5000002, 0.28125, 0.5, -0.71390146, -0.14200377, -0.6856964, 0.67252094, 0.13377286, -0.7278877, 0.21017659, -0.9775262, -0.01638184, 
verts, -0.3000002, -1.9192738E-07, 1.5000002, 0.25, 1, -0.72788775, -6.938424E-09, 0.68569624, -0.6856963, 1.7034007E-07, -0.7278878, 0.01543232, -0.99974674, 0.01638187, 
verts, -0.3000002, 1.9192738E-07, -1.5000002, 0.25, 0.5, -0.7278877, 6.938426E-09, -0.6856964, 0.6856964, 1.7088588E-07, -0.72788763, 0.015432312, -0.99974674, -0.016381886, 
verts, -0.29423577, 0.05852694, 1.5000002, 0.21875, 1, -0.7139016, 0.14200376, 0.68569636, -0.6725208, 0.1337728, -0.72788775, -0.17990506, -0.9835475, 0.016381808, 
verts, -0.29423577, 0.058527328, -1.5000002, 0.21875, 0.5, -0.71390146, 0.14200379, -0.6856964, 0.67252094, -0.13377252, -0.7278877, -0.17990507, -0.9835475, -0.016381841, 
verts, -0.27716404, 0.114804916, 1.5000002, 0.1875, 1, -0.6724806, 0.27855045, 0.6856963, -0.6335008, 0.26240468, -0.7278877, -0.3683288, -0.9295513, 0.016381834, 
verts, -0.27716404, 0.1148053, -1.5000002, 0.1875, 0.5, -0.67248046, 0.27855045, -0.6856964, 0.6335009, -0.26240444, -0.7278877, -0.36832884, -0.92955124, -0.01638184, 
verts, -0.24944104, 0.166671, 1.5000002, 0.15625, 1, -0.60521644, 0.40439275, 0.68569636, -0.57013553, 0.3809526, -0.72788775, -0.5425981, -0.83983266, 0.016381789, 
verts, -0.24944104, 0.16667137, -1.5000002, 0.15625, 0.5, -0.6052163, 0.4043929, -0.6856965, 0.5701358, -0.38095266, -0.7278875, -0.54259825, -0.8398326, -0.016381923, 
verts, -0.21213216, 0.21213198, 1.5000002, 0.125, 1, -0.5146942, 0.51469433, 0.68569654, -0.48486057, 0.48486087, -0.72788745, -0.69601554, -0.71783984, 0.016381843, 
verts, -0.21213216, 0.21213235, -1.5000002, 0.125, 0.5, -0.51469415, 0.5146944, -0.6856964, 0.48486054, -0.48486063, -0.72788763, -0.6960156, -0.71783984, -0.016381852, 
verts, -0.16667117, 0.24944085, 1.5000002, 0.09375, 1, -0.40439275, 0.6052164, 0.6856964, -0.38095248, 0.5701357, -0.7278877, -0.8226853, -0.5682611, 0.016381757, 
verts, -0.16667117, 0.2494412, -1.5000002, 0.09375, 0.5, -0.4043926, 0.6052165, -0.6856965, 0.38095257, -0.57013583, -0.7278876, -0.82268536, -0.56826097, -0.016381966, 
verts, -0.1148051, 0.27716383, 1.5000002, 0.0625, 1, -0.27855062, 0.67248034, 0.6856966, -0.26240477, 0.63350105, -0.72788745, -0.91773975, -0.39684436, 0.016381934, 
verts, -0.1148051, 0.27716422, -1.5000002, 0.0625, 0.5, -0.2785505, 0.67248046, -0.6856964, 0.2624047, -0.6335008, -0.72788763, -0.91773987, -0.39684418, -0.01638196, 
verts, 0.058527134, 0.2942356, 1.5000002, 0.29682168, 0.48538846, 0.1420037, 0.71390146, 0.68569636, 0.14477524, -0.70024633, 0.6990674, 0.98986614, -0.10241388, -0.09836893, 
verts, 0, 0.29999998, 1.5000002, 0.25, 0.49, -7.274167E-08, 0.7278875, 0.6856966, -7.721747E-08, -0.6856966, 0.7278876, 1, -1.5248496E-07, 2.679517E-07, 
verts, -0.058527134, 0.2942356, 1.5000002, 0.20317832, 0.48538846, -0.14200385, 0.71390146, 0.68569636, -0.14477304, -0.7002462, 0.699068, 0.98986614, 0.102414615, 0.098368384, 
verts, -0.1148051, 0.27716383, 1.5000002, 0.15815598, 0.47173107, -0.27855062, 0.67248034, 0.6856966, -0.25309384, -0.7401149, 0.6230356, 0.96042156, 0.19503918, 0.19887228, 
verts, -0.16667117, 0.24944085, 1.5000002, 0.11666314, 0.4495527, -0.40439275, 0.6052164, 0.6856964, -0.30744615, -0.796061, 0.5213097, 0.9145855, 0.26760232, 0.3031872, 
verts, -0.21213216, 0.21213198, 1.5000002, 0.080294386, 0.41970563, -0.5146942, 0.51469433, 0.68569654, -0.30897868, -0.8573738, 0.41163394, 0.85737383, 0.3089788, 0.41163364, 
verts, -0.24944104, 0.166671, 1.5000002, 0.0504473, 0.38333684, -0.60521644, 0.40439275, 0.68569636, -0.26760337, -0.9145855, 0.3031863, 0.796061, 0.30744517, 0.52131027, 
verts, -0.27716404, 0.114804916, 1.5000002, 0.028268918, 0.34184402, -0.6724806, 0.27855045, 0.6856963, -0.1950386, -0.9604216, 0.19887258, 0.74011487, 0.2530953, 0.6230352, 
verts, -0.29423577, 0.05852694, 1.5000002, 0.014611542, 0.29682168, -0.7139016, 0.14200376, 0.68569636, -0.10241416, -0.98986614, 0.09836873, 0.70024604, 0.14477354, 0.69906807, 
verts, -0.3000002, -1.9192738E-07, 1.5000002, 0.010000005, 0.25, -0.72788775, -6.938424E-09, 0.68569624, -3.3341368E-07, -1, -3.6404768E-07, 0.68569636, -7.365351E-09, 0.72788775, 
verts, -0.29423577, -0.058527328, 1.5000002, 0.014611542, 0.20317832, -0.7139016, -0.14200377, 0.68569636, 0.102414265, -0.98986614, -0.09836865, 0.7002461, -0.14477389, 0.69906795, 
verts, -0.27716404, -0.1148053, 1.5000002, 0.028268918, 0.15815598, -0.6724806, -0.27855042, 0.68569636, 0.19503956, -0.9604216, -0.19887158, 0.74011475, -0.25309554, 0.62303513, 
verts, -0.24944104, -0.16667137, 1.5000002, 0.0504473, 0.11666314, -0.60521644, -0.40439278, 0.6856963, 0.2676023, -0.9145855, -0.30318722, 0.796061, -0.30744526, 0.5213102, 
verts, -0.21213216, -0.21213235, 1.5000002, 0.080294386, 0.080294386, -0.51469433, -0.5146944, 0.68569636, 0.308979, -0.8573738, -0.41163373, 0.8573738, -0.30897835, 0.41163412, 
verts, -0.16667117, -0.2494412, 1.5000002, 0.11666314, 0.0504473, -0.40439275, -0.60521644, 0.68569636, -0.2209408, -0.6628831, -0.71538174, 0.87203085, -0.4811842, 0.08957662, 
verts, -0.1148051, -0.27716422, 1.5000002, 0.15815598, 0.028268918, -0.27855068, -0.67248046, 0.68569636, -0.13728926, -0.67874116, -0.72143054, 0.9429866, -0.32691917, 0.062451534, 
verts, -0.058527134, -0.29423594, 1.5000002, 0.20317832, 0.014611542, -0.14200383, -0.71390146, 0.6856964, -0.06461783, -0.68455327, -0.72609323, 0.986312, -0.1606955, 0.036954157, 
verts, 0, -0.30000037, 1.5000002, 0.25, 0.010000005, -7.2853474E-08, -0.7278878, 0.6856963, -4.4954955E-08, -0.6856963, -0.7278878, 0.99985766, 0.011568628, 0.012280559, 
verts, 0.058527134, -0.29423594, 1.5000002, 0.29682168, 0.014611542, 0.1420037, -0.71390146, 0.6856964, 0.06461777, -0.6845532, -0.7260933, 0.9829184, 0.1836254, -0.012378048, 
verts, 0.1148051, -0.27716422, 1.5000002, 0.34184402, 0.028268918, 0.27855057, -0.6724806, 0.6856964, 0.13728923, -0.67874134, -0.7214305, 0.9362687, 0.34924188, -0.037829865, 
verts, 0.16667117, -0.2494412, 1.5000002, 0.38333684, 0.0504473, 0.40439266, -0.6052165, 0.6856964, 0.22094075, -0.6628832, -0.7153817, 0.86211056, 0.50255126, -0.06486674, 
verts, 0.21213216, -0.21213235, 1.5000002, 0.41970563, 0.080294386, 0.5146942, -0.5146945, 0.6856964, -0.30897883, -0.85737365, -0.411634, 0.8573738, 0.30897874, -0.41163373, 
verts, 0.24944104, -0.16667137, 1.5000002, 0.4495527, 0.11666314, 0.6052163, -0.40439284, 0.6856964, -0.26760244, -0.9145854, -0.30318725, 0.79606104, 0.30744523, -0.52131015, 
verts, 0.27716404, -0.1148053, 1.5000002, 0.47173107, 0.15815598, 0.67248046, -0.27855045, 0.6856964, -0.19503891, -0.9604216, -0.19887224, 0.7401149, 0.25309688, -0.6230344, 
verts, 0.29423577, -0.058527328, 1.5000002, 0.48538846, 0.20317832, 0.71390146, -0.14200377, 0.68569636, -0.102414384, -0.98986614, -0.09836852, 0.7002462, 0.14477296, -0.699068, 
verts, 0.3000002, -1.9192738E-07, 1.5000002, 0.49, 0.25, 0.7278877, -6.938426E-09, 0.6856964, -2.4197155E-07, -1, 2.4674145E-07, 0.6856963, -1.4623663E-06, -0.72788775, 
verts, 0.29423577, 0.05852694, 1.5000002, 0.48538846, 0.29682168, 0.71390146, 0.14200376, 0.68569636, 0.1024142, -0.98986614, 0.09836869, 0.7002463, -0.14477192, -0.6990682, 
verts, 0.27716404, 0.114804916, 1.5000002, 0.47173107, 0.34184402, 0.67248046, 0.27855048, 0.6856964, 0.19503972, -0.9604216, 0.19887148, 0.74011487, -0.25309518, -0.62303513, 
verts, 0.24944104, 0.166671, 1.5000002, 0.4495527, 0.38333684, 0.6052164, 0.4043928, 0.6856964, 0.26760265, -0.9145854, 0.30318704, 0.79606104, -0.30744657, -0.5213094, 
verts, 0.21213216, 0.21213198, 1.5000002, 0.41970563, 0.41970563, 0.5146941, 0.51469433, 0.6856966, 0.30897635, -0.8573738, 0.41163567, 0.8573739, -0.30898, -0.41163263, 
verts, 0.16667117, 0.24944085, 1.5000002, 0.38333684, 0.4495527, 0.4043926, 0.60521644, 0.6856965, 0.3074423, -0.79606104, 0.521312, 0.91458553, -0.26760334, -0.30318612, 
verts, 0.1148051, 0.27716383, 1.5000002, 0.34184402, 0.47173107, 0.2785505, 0.67248034, 0.6856966, 0.25309196, -0.7401149, 0.6230364, 0.96042156, -0.19504012, -0.19887118, 
verts, -0.058527134, 0.2942356, 1.5000002, 0.03125, 1, -0.14200385, 0.71390146, 0.68569636, -0.1337727, 0.6725209, -0.72788775, -0.97752625, -0.21017659, 0.016381714, 
verts, -0.058527134, 0.29423594, -1.5000002, 0.03125, 0.5, -0.14200367, 0.71390146, -0.6856964, 0.13377263, -0.67252094, -0.7278877, -0.97752625, -0.21017656, -0.016381923, 
verts, 0, 0.29999998, 1.5000002, 0, 1, -7.274167E-08, 0.7278875, 0.6856966, -6.852529E-08, 0.6856966, -0.7278874, -0.99974674, 0.015432116, -0.016381763, 
verts, 0, 0.30000037, -1.5000002, 0, 0.5, 1.00607174E-07, 0.7278878, -0.6856963, -9.477557E-08, -0.6856963, -0.72788775, -0.99974674, 0.015432388, 0.01638181, 
verts, 0, 0.30000037, -1.5000002, 0.75, 0.49, 1.00607174E-07, 0.7278878, -0.6856963, 1.0679763E-07, -0.6856962, -0.72788787, 1, -7.323073E-08, 6.898596E-08, 
verts, 0.058527134, 0.29423594, -1.5000002, 0.79682165, 0.48538846, 0.14200386, 0.71390146, -0.6856964, 0.14476827, -0.70024616, -0.6990691, 0.98986614, -0.10241463, 0.09836841, 
verts, 0.1148051, 0.27716422, -1.5000002, 0.841844, 0.47173107, 0.27855068, 0.6724804, -0.6856963, 0.253095, -0.740115, -0.62303513, 0.96042156, -0.195039, 0.19887248, 
verts, 0.16667117, 0.2494412, -1.5000002, 0.88333684, 0.4495527, 0.40439278, 0.60521644, -0.6856964, 0.30744454, -0.796061, -0.5213106, 0.9145854, -0.26760253, 0.3031871, 
verts, 0.21213216, 0.21213235, -1.5000002, 0.9197056, 0.41970563, 0.5146943, 0.51469433, -0.6856963, 0.30897796, -0.85737383, -0.4116344, 0.85737383, -0.30897892, 0.4116336, 
verts, 0.24944104, 0.16667137, -1.5000002, 0.9495527, 0.38333684, 0.60521644, 0.40439278, -0.6856963, 0.26760322, -0.9145855, -0.30318645, 0.796061, -0.3074453, 0.5213102, 
verts, 0.27716404, 0.1148053, -1.5000002, 0.97173107, 0.34184402, 0.6724806, 0.27855042, -0.6856963, 0.19503878, -0.9604216, -0.19887236, 0.74011487, -0.25309488, 0.6230354, 
verts, 0.29423577, 0.058527328, -1.5000002, 0.98538846, 0.29682168, 0.71390164, 0.14200377, -0.68569636, 0.10241436, -0.98986614, -0.09836858, 0.700246, -0.144773, 0.6990682, 
verts, 0.3000002, 1.9192738E-07, -1.5000002, 0.99, 0.25, 0.72788775, 6.938424E-09, -0.68569624, 1.9812597E-07, -1, 2.0019803E-07, 0.68569636, -6.062343E-07, 0.7278877, 
verts, 0.29423577, -0.05852694, -1.5000002, 0.98538846, 0.20317832, 0.71390164, -0.14200376, -0.68569636, -0.1024144, -0.98986614, 0.098368496, 0.7002459, 0.14477351, 0.6990682, 
verts, 0.27716404, -0.114804916, -1.5000002, 0.97173107, 0.15815598, 0.6724806, -0.27855045, -0.68569636, -0.19503944, -0.9604216, 0.19887173, 0.7401148, 0.2530956, 0.62303513, 
verts, 0.24944104, -0.166671, -1.5000002, 0.9495527, 0.11666314, 0.6052165, -0.40439275, -0.68569636, -0.26760212, -0.9145855, 0.3031874, 0.796061, 0.30744526, 0.52131027, 
verts, 0.21213216, -0.21213198, -1.5000002, 0.9197056, 0.080294386, 0.5146942, -0.51469433, -0.6856965, -0.3089786, -0.8573738, 0.411634, 0.85737383, 0.30897823, 0.41163406, 
verts, 0.16667117, -0.24944085, -1.5000002, 0.88333684, 0.0504473, 0.4043928, -0.60521644, -0.6856964, -0.30744517, -0.79606104, 0.52131027, 0.9145854, 0.267603, 0.30318674, 
verts, 0.1148051, -0.27716383, -1.5000002, 0.841844, 0.028268918, 0.27855068, -0.67248034, -0.68569654, -0.25309542, -0.740115, 0.62303495, 0.96042156, 0.19503924, 0.19887233, 
verts, 0.058527134, -0.2942356, -1.5000002, 0.79682165, 0.014611542, 0.14200388, -0.71390146, -0.68569636, -0.14477305, -0.7002463, 0.69906795, 0.98986614, 0.10241413, 0.098368935, 
verts, 0, -0.29999998, -1.5000002, 0.75, 0.010000005, 1.0001981E-07, -0.7278875, -0.6856966, -1.0617403E-07, -0.6856966, 0.7278875, 1, 5.8136254E-07, -4.712678E-07, 
verts, -0.058527134, -0.2942356, -1.5000002, 0.70317835, 0.014611542, -0.14200369, -0.71390146, -0.68569636, 0.14477286, -0.7002462, 0.69906795, 0.98986614, -0.102414496, -0.098368265, 
verts, -0.1148051, -0.27716383, -1.5000002, 0.658156, 0.028268918, -0.27855048, -0.6724804, -0.6856966, 0.2530956, -0.7401149, 0.623035, 0.9604216, -0.19503972, -0.19887155, 
verts, -0.16667117, -0.24944085, -1.5000002, 0.61666316, 0.0504473, -0.4043926, -0.60521644, -0.6856964, 0.30744505, -0.79606104, 0.5213104, 0.91458553, -0.2676018, -0.30318752, 
verts, -0.21213216, -0.21213198, -1.5000002, 0.5802944, 0.080294386, -0.51469404, -0.51469433, -0.68569654, 0.30897877, -0.8573738, 0.4116338, 0.85737395, -0.3089785, -0.4116336, 
verts, -0.24944104, -0.166671, -1.5000002, 0.5504473, 0.11666314, -0.6052164, -0.4043928, -0.6856964, 0.26760244, -0.9145854, 0.30318722, 0.79606104, -0.30744526, -0.52131027, 
verts, -0.27716404, -0.114804916, -1.5000002, 0.52826893, 0.15815598, -0.67248046, -0.27855048, -0.6856964, 0.19503894, -0.9604216, 0.19887222, 0.7401149, -0.2530961, -0.6230348, 
verts, -0.29423577, -0.05852694, -1.5000002, 0.51461154, 0.20317832, -0.71390146, -0.14200377, -0.6856964, 0.102414414, -0.98986614, 0.09836848, 0.7002462, -0.14477214, -0.6990681, 
verts, -0.3000002, 1.9192738E-07, -1.5000002, 0.51, 0.25, -0.7278877, 6.938426E-09, -0.6856964, 1.7099781E-07, -1, -1.9163822E-07, 0.68569636, 7.3653514E-09, -0.72788775, 
verts, -0.29423577, 0.058527328, -1.5000002, 0.51461154, 0.29682168, -0.71390146, 0.14200379, -0.6856964, -0.10241434, -0.98986614, -0.09836861, 0.7002462, 0.14477159, -0.6990683, 
verts, -0.27716404, 0.1148053, -1.5000002, 0.52826893, 0.34184402, -0.67248046, 0.27855045, -0.6856964, -0.19503942, -0.96042156, -0.19887167, 0.7401149, 0.2530955, -0.62303495, 
verts, -0.24944104, 0.16667137, -1.5000002, 0.5504473, 0.38333684, -0.6052163, 0.4043929, -0.6856965, -0.26760346, -0.91458535, -0.30318648, 0.79606104, 0.3074458, -0.5213098, 
verts, -0.21213216, 0.21213235, -1.5000002, 0.5802944, 0.41970563, -0.51469415, 0.5146944, -0.6856964, -0.3089774, -0.8573737, -0.41163492, 0.85737383, 0.3089795, -0.411633, 
verts, -0.16667117, 0.2494412, -1.5000002, 0.61666316, 0.4495527, -0.4043926, 0.6052165, -0.6856965, -0.30744836, -0.7960609, -0.52130854, 0.91458553, 0.26760063, -0.3031886, 
verts, -0.1148051, 0.27716422, -1.5000002, 0.658156, 0.47173107, -0.2785505, 0.67248046, -0.6856964, -0.25309953, -0.7401149, -0.62303334, 0.9604216, 0.19503774, -0.19887348, 
verts, -0.058527134, 0.29423594, -1.5000002, 0.70317835, 0.48538846, -0.14200367, 0.71390146, -0.6856964, -0.14477757, -0.7002462, -0.699067, 0.9898662, 0.10241323, -0.09836957, 
 //indices are one per line 
inds, 0
inds, 1
inds, 2
inds, 0
inds, 2
inds, 3
inds, 3
inds, 2
inds, 4
inds, 3
inds, 4
inds, 5
inds, 5
inds, 4
inds, 6
inds, 5
inds, 6
inds, 7
inds, 7
inds, 6
inds, 8
inds, 7
inds, 8
inds, 9
inds, 9
inds, 8
inds, 10
inds, 9
inds, 10
inds, 11
inds, 11
inds, 10
inds, 12
inds, 11
inds, 12
inds, 13
inds, 13
inds, 12
inds, 14
inds, 13
inds, 14
inds, 15
inds, 15
inds, 14
inds, 16
inds, 15
inds, 16
inds, 17
inds, 17
inds, 16
inds, 18
inds, 17
inds, 18
inds, 19
inds, 19
inds, 18
inds, 20
inds, 19
inds, 20
inds, 21
inds, 21
inds, 20
inds, 22
inds, 21
inds, 22
inds, 23
inds, 23
inds, 22
inds, 24
inds, 23
inds, 24
inds, 25
inds, 25
inds, 24
inds, 26
inds, 25
inds, 26
inds, 27
inds, 27
inds, 26
inds, 28
inds, 27
inds, 28
inds, 29
inds, 29
inds, 28
inds, 30
inds, 29
inds, 30
inds, 31
inds, 31
inds, 30
inds, 32
inds, 31
inds, 32
inds, 33
inds, 33
inds, 32
inds, 34
inds, 33
inds, 34
inds, 35
inds, 35
inds, 34
inds, 36
inds, 35
inds, 36
inds, 37
inds, 37
inds, 36
inds, 38
inds, 37
inds, 38
inds, 39
inds, 39
inds, 38
inds, 40
inds, 39
inds, 40
inds, 41
inds, 41
inds, 40
inds, 42
inds, 41
inds, 42
inds, 43
inds, 43
inds, 42
inds, 44
inds, 43
inds, 44
inds, 45
inds, 45
inds, 44
inds, 46
inds, 45
inds, 46
inds, 47
inds, 47
inds, 46
inds, 48
inds, 47
inds, 48
inds, 49
inds, 49
inds, 48
inds, 50
inds, 49
inds, 50
inds, 51
inds, 51
inds, 50
inds, 52
inds, 51
inds, 52
inds, 53
inds, 53
inds, 52
inds, 54
inds, 53
inds, 54
inds, 55
inds, 55
inds, 54
inds, 56
inds, 55
inds, 56
inds, 57
inds, 57
inds, 56
inds, 58
inds, 57
inds, 58
inds, 59
inds, 59
inds, 58
inds, 60
inds, 59
inds, 60
inds, 61
inds, 93
inds, 62
inds, 63
inds, 93
inds, 63
inds, 64
inds, 93
inds, 64
inds, 65
inds, 93
inds, 65
inds, 66
inds, 93
inds, 66
inds, 67
inds, 93
inds, 67
inds, 68
inds, 93
inds, 68
inds, 69
inds, 93
inds, 69
inds, 70
inds, 93
inds, 70
inds, 71
inds, 93
inds, 71
inds, 72
inds, 93
inds, 72
inds, 73
inds, 93
inds, 73
inds, 74
inds, 93
inds, 74
inds, 75
inds, 93
inds, 75
inds, 76
inds, 93
inds, 76
inds, 77
inds, 93
inds, 77
inds, 78
inds, 93
inds, 78
inds, 79
inds, 93
inds, 79
inds, 80
inds, 93
inds, 80
inds, 81
inds, 93
inds, 81
inds, 82
inds, 93
inds, 82
inds, 83
inds, 93
inds, 83
inds, 84
inds, 93
inds, 84
inds, 85
inds, 93
inds, 85
inds, 86
inds, 93
inds, 86
inds, 87
inds, 93
inds, 87
inds, 88
inds, 93
inds, 88
inds, 89
inds, 93
inds, 89
inds, 90
inds, 93
inds, 90
inds, 91
inds, 91
inds, 92
inds, 93
inds, 61
inds, 60
inds, 94
inds, 61
inds, 94
inds, 95
inds, 95
inds, 94
inds, 96
inds, 95
inds, 96
inds, 97
inds, 129
inds, 98
inds, 99
inds, 129
inds, 99
inds, 100
inds, 129
inds, 100
inds, 101
inds, 129
inds, 101
inds, 102
inds, 129
inds, 102
inds, 103
inds, 129
inds, 103
inds, 104
inds, 129
inds, 104
inds, 105
inds, 129
inds, 105
inds, 106
inds, 129
inds, 106
inds, 107
inds, 129
inds, 107
inds, 108
inds, 129
inds, 108
inds, 109
inds, 129
inds, 109
inds, 110
inds, 129
inds, 110
inds, 111
inds, 129
inds, 111
inds, 112
inds, 129
inds, 112
inds, 113
inds, 129
inds, 113
inds, 114
inds, 129
inds, 114
inds, 115
inds, 129
inds, 115
inds, 116
inds, 129
inds, 116
inds, 117
inds, 129
inds, 117
inds, 118
inds, 129
inds, 118
inds, 119
inds, 129
inds, 119
inds, 120
inds, 129
inds, 120
inds, 121
inds, 129
inds, 121
inds, 122
inds, 129
inds, 122
inds, 123
inds, 129
inds, 123
inds, 124
inds, 129
inds, 124
inds, 125
inds, 129
inds, 125
inds, 126
inds, 129
inds, 126
inds, 127
inds, 127
inds, 128
inds, 129
