verts, -1.5707104, -1.4999999, -1.0707109, 0.43428516, 0.8594624, -0.9999317, 0.008261634, -0.008261779, 0.008261362, 0.9999659, 6.7222856E-05, 0.008262025, -4.487911E-06, -0.9999659, 
verts, -1.6000003, -1.4999999, 1.4999998, 0.28927827, 0.8594624, -0.9999317, 0.008261634, -0.008261779, 0.008261744, 0.9999659, 2.0980904E-05, 0.008262277, 2.58666E-05, -0.9999659, 
verts, -1.5707108, 1.0707108, 1.4999998, 0.28928506, 0.71445215, -0.9999317, 0.008261634, -0.008261779, 0.008261362, 0.9999659, 6.7222856E-05, 0.008262025, -4.487911E-06, -0.9999659, 
verts, -1.5577348, 1.0577352, -1.0577353, 0.43355918, 0.7151872, -0.9999317, 0.008261634, -0.008261779, 0.008261362, 0.9999659, 6.7222856E-05, 0.008262025, -4.487911E-06, -0.9999659, 
verts, -1.5577348, 1.0577352, -1.0577353, 0.14500535, 0.36173654, 7.699105E-08, 0.9999871, -0.005073006, -1, 7.621559E-08, -1.5305307E-07, 9.415069E-06, 0.0050730063, 0.9999871, 
verts, -1.5707108, 1.0707108, 1.4999998, 0.28927827, 0.36100316, 7.699105E-08, 0.9999871, -0.005073006, -1, 7.506966E-08, -3.5746305E-07, 6.953239E-06, 0.0033820092, 0.9999943, 
verts, 1.5707103, 1.0707105, 1.5000002, 0.2892782, 0.53820026, 7.699105E-08, 0.9999871, -0.005073006, -1, 7.610877E-08, -1.5263214E-07, 6.5458316E-06, 0.00338201, 0.9999943, 
verts, 1.5577353, 1.057735, -1.0577348, 0.14500535, 0.53746974, 7.699105E-08, 0.9999871, -0.005073006, -1, 7.621559E-08, -1.5305307E-07, 9.415069E-06, 0.0050730063, 0.9999871, 
verts, 1.5577353, 1.057735, -1.0577348, 0.00073194504, 0.7081486, 0.9999317, 0.008261561, -0.008261407, -0.008261632, 0.9999659, 2.5623154E-05, 0.008261378, 3.784844E-05, 0.9999659, 
verts, 1.5707103, 1.0707105, 1.5000002, 0.1450054, 0.7074208, 0.9999317, 0.008261561, -0.008261407, -0.009305616, 0.99995667, -1.7243867E-05, 0.0055074845, 3.6524478E-05, 0.9999848, 
verts, 1.5999995, -1.5000001, 1.5000002, 0.1450054, 0.8524332, 0.9999317, 0.008261561, -0.008261407, -0.009305332, 0.99995667, 1.7082119E-05, 0.0055075786, 2.5232479E-05, 0.9999848, 
verts, 1.5707107, -1.5000001, -1.0707104, 0, 0.85242397, 0.9999317, 0.008261561, -0.008261407, -0.008261632, 0.9999659, 2.5623154E-05, 0.008261378, 3.784844E-05, 0.9999659, 
verts, -1.6000003, -1.4999999, 1.4999998, 0.72036886, 0.36100423, -0.99993503, 0.011392778, -1.4304187E-07, -0.011392779, -0.99993515, 2.5722254E-15, -5.6880914E-08, 7.5630946E-06, 1, 
verts, -1.6000006, -1.4999999, 3.9999998, 0.8613857, 0.36100316, -0.99993503, 0.011392778, -1.4304187E-07, -0.011392791, -0.9999351, 7.3492237E-16, -5.6540177E-08, 7.592993E-06, 1, 
verts, -1.5707111, 1.0707108, 3.9999998, 0.8613857, 0.5060134, -0.99993503, 0.011392778, -1.4304187E-07, -0.011392791, -0.9999351, 7.3492237E-16, -5.688082E-08, 7.5630946E-06, 1, 
verts, -1.5707108, 1.0707108, 1.4999998, 0.72036886, 0.50601447, -0.99993503, 0.011392778, -1.4304187E-07, -0.011392779, -0.99993515, 2.5722254E-15, -5.6880914E-08, 7.5630946E-06, 1, 
verts, -1.5707108, 1.0707108, 1.4999998, 0.28927827, 0.53725517, 7.589513E-08, 1, 1.1959076E-08, -1, 7.506966E-08, -3.5746305E-07, 6.953239E-06, 0.0033820092, 0.9999943, 
verts, -1.5707111, 1.0707108, 3.9999998, 0.4302951, 0.5372549, 7.589513E-08, 1, 1.1959076E-08, -1, 7.589514E-08, -2.1044491E-07, 1.300874E-06, -1.1959176E-08, 1, 
verts, 1.57071, 1.0707105, 4.0000005, 0.4302951, 0.714452, 7.589513E-08, 1, 1.1959076E-08, -1, 7.589512E-08, -1.7708867E-07, 8.0730007E-07, -1.1959138E-08, 1, 
verts, 1.5707103, 1.0707105, 1.5000002, 0.28927827, 0.71445215, 7.589513E-08, 1, 1.1959076E-08, -1, 7.610877E-08, -1.5263214E-07, 6.5458316E-06, 0.00338201, 0.9999943, 
verts, 1.5707103, 1.0707105, 1.5000002, 0.14500546, 0.70742035, 0.9999351, 0.011392703, 1.4301972E-07, -0.009305616, 0.99995667, -1.7243867E-05, 0.0055074845, 3.6524478E-05, 0.9999848, 
verts, 1.57071, 1.0707105, 4.0000005, 0.2860223, 0.70742035, 0.9999351, 0.011392703, 1.4301972E-07, -0.011392703, 0.9999351, 1.2246801E-16, -1.4302897E-07, -1.5500137E-12, 1, 
verts, 1.5999992, -1.5000001, 4.0000005, 0.2860223, 0.8524327, 0.9999351, 0.011392703, 1.4301972E-07, -0.011392703, 0.9999351, 1.2246801E-16, -1.4302894E-07, -5.1545313E-12, 1, 
verts, 1.5999995, -1.5000001, 1.5000002, 0.14500546, 0.8524327, 0.9999351, 0.011392703, 1.4301972E-07, -0.009305332, 0.99995667, 1.7082119E-05, 0.0055075786, 2.5232479E-05, 0.9999848, 
verts, -1.6000006, -1.4999999, 3.9999998, 0.7210398, 1.0728836E-06, -0.9999351, 0.011392816, -1.4304189E-07, -0.011392791, -0.9999351, 7.3492237E-16, -5.6540177E-08, 7.592993E-06, 1, 
verts, -1.600001, -1.4999999, 6.4999995, 0.86205673, 0, -0.9999351, 0.011392816, -1.4304189E-07, -0.011392818, -0.9999351, -3.123414E-15, -5.6369664E-08, 7.607942E-06, 1, 
verts, -1.5707115, 1.0707108, 6.4999995, 0.86205673, 0.14501023, -0.9999351, 0.011392816, -1.4304189E-07, -0.011392818, -0.9999351, -2.9396837E-15, -5.6880626E-08, 7.563095E-06, 1, 
verts, -1.5707111, 1.0707108, 3.9999998, 0.7210398, 0.1450113, -0.9999351, 0.011392816, -1.4304189E-07, -0.011392791, -0.9999351, 7.3492237E-16, -5.688082E-08, 7.5630946E-06, 1, 
verts, -1.5707115, 1.0707108, 6.4999995, 0.5713122, 0.5372548, 7.589514E-08, 1, 1.1959078E-08, -1, 7.589514E-08, -2.690993E-07, 1.5476611E-06, -1.1959195E-08, 1, 
verts, 1.5707096, 1.0707105, 6.5000005, 0.5713122, 0.7144519, 7.589514E-08, 1, 1.1959078E-08, -1, 7.589514E-08, -2.2768542E-07, 8.073001E-07, -1.19591395E-08, 1, 
verts, 1.57071, 1.0707105, 4.0000005, 0.7179687, 0.70647514, 0.9999351, 0.011392701, 1.4301969E-07, -0.011392703, 0.9999351, 1.2246801E-16, -1.4302897E-07, -1.5500137E-12, 1, 
verts, 1.5707096, 1.0707105, 6.5000005, 0.8589854, 0.70647514, 0.9999351, 0.011392701, 1.4301969E-07, -0.011392702, 0.9999351, 1.8370204E-16, -1.4302898E-07, 2.5254248E-13, 1, 
verts, 1.5999988, -1.5000001, 6.5000005, 0.8589854, 0.8514875, 0.9999351, 0.011392701, 1.4301969E-07, -0.011392702, 0.9999351, 3.674041E-16, -1.4302891E-07, -5.1542334E-12, 1, 
verts, 1.5999992, -1.5000001, 4.0000005, 0.7179687, 0.8514875, 0.9999351, 0.011392701, 1.4301969E-07, -0.011392703, 0.9999351, 1.2246801E-16, -1.4302894E-07, -5.1545313E-12, 1, 
verts, 1.570709, -1.5000001, 9.070711, 0.58002275, 0.34642112, 0.0069138003, 0.008258291, 0.99994195, -0.9999761, -2.1590453E-05, 0.006914215, -7.748967E-06, -0.9999659, 0.008258542, 
verts, 1.5577337, 1.057735, 9.057735, 0.43574882, 0.34569073, 0.0069138003, 0.008258291, 0.99994195, -0.9999761, 1.7686552E-05, 0.00691389, 3.2292763E-05, -0.9999659, 0.0082582645, 
verts, -1.5000014, 1.0707108, 9.070711, 0.43501616, 0.17321336, 0.0069138003, 0.008258291, 0.99994195, -0.9999761, -2.1590453E-05, 0.006914215, -7.748967E-06, -0.9999659, 0.008258542, 
verts, -1.5000015, -1.4999999, 9.1, 0.58002275, 0.17321134, 0.0069138003, 0.008258291, 0.99994195, -0.9999761, -2.1590453E-05, 0.006914215, -7.748967E-06, -0.9999659, 0.008258542, 
verts, -1.500001, 1.1000001, 6.4999995, 0.58002377, 0.17321134, 0.006913681, 0.999942, 0.008258325, 0.9999761, -0.006913871, -5.5470223E-06, 1.0925915E-05, 0.008258447, -0.9999659, 
verts, -1.5000014, 1.0707108, 9.070711, 0.43501663, 0.17321134, 0.006913681, 0.999942, 0.008258325, 0.9999761, -0.006913579, -4.087667E-05, -2.1484166E-05, 0.008258671, -0.9999659, 
verts, 1.5577337, 1.057735, 9.057735, 0.43574524, 0.00073349476, 0.006913681, 0.999942, 0.008258325, 0.9999761, -0.006913871, -5.5470223E-06, 1.0925915E-05, 0.008258447, -0.9999659, 
verts, 1.5707096, 1.0707105, 6.5000005, 0.580019, 0, 0.006913681, 0.999942, 0.008258325, 0.9999761, -0.006913871, -5.5470223E-06, 1.0925915E-05, 0.008258447, -0.9999659, 
verts, 1.5707096, 1.0707105, 6.5000005, 0.85733414, 0.6822672, 0.9999317, 0.008261491, 0.008261781, 0.008261988, -0.9999659, -2.5867517E-05, 0.008261749, 3.8247654E-05, -0.9999659, 
verts, 1.5577337, 1.057735, 9.057735, 0.7130604, 0.6815394, 0.9999317, 0.008261491, 0.008261781, 0.008261532, -0.9999659, 2.9281431E-05, 0.008261611, 5.4869735E-05, -0.9999659, 
verts, 1.570709, -1.5000001, 9.070711, 0.7123289, 0.5372641, 0.9999317, 0.008261491, 0.008261781, 0.008261988, -0.9999659, -2.5867517E-05, 0.008261749, 3.8247654E-05, -0.9999659, 
verts, 1.5999988, -1.5000001, 6.5000005, 0.85733414, 0.5372548, 0.9999317, 0.008261491, 0.008261781, 0.008261988, -0.9999659, -2.5867517E-05, 0.008261749, 3.8247654E-05, -0.9999659, 
verts, -1.4999999, -1.4999999, -1.0000002, 0.8589854, 0.70647514, 1, -3.8146972E-08, 1.9073485E-07, 1.9073484E-07, 7.688582E-22, -1, 3.8146972E-08, 1, -1.8189893E-15, 
verts, -1.4999998, 1.0000001, -1.0000002, 1.0000001, 0.70647514, 1, -3.8146972E-08, 1.9073485E-07, 1.9073481E-07, -8.453678E-07, -1, 3.8146972E-08, 1, -1.8189893E-15, 
verts, -1.5000002, 1.0000001, 1.4999998, 1, 0.847492, 1, -3.8146972E-08, 1.9073485E-07, 1.7484028E-07, -2.8178928E-07, -1, 2.5431314E-08, 1, -3.486396E-15, 
verts, -1.5000004, -1.4999999, 1.4999998, 0.8589854, 0.847492, 1, -3.8146972E-08, 1.9073485E-07, 1.7484028E-07, 5.1257213E-22, -1, 2.5431314E-08, 1, -3.486396E-15, 
verts, -1.4999998, 1.0000001, -1.0000002, 0.72103965, 0, -5.9604645E-08, -1, 0, -1, 5.9604645E-08, -1.408925E-07, 1.9073487E-07, -1.1368684E-14, -1, 
verts, 1.5000002, 0.99999994, -0.99999976, 0.72103965, 0.16922021, -5.9604645E-08, -1, 0, -1, 5.9604645E-08, -1.5894572E-07, 1.408925E-07, -8.397847E-15, -1, 
verts, 1.4999998, 0.99999994, 1.5000002, 0.5800228, 0.16922021, -5.9604645E-08, -1, 0, -1, 5.9604645E-08, -1.4691024E-07, 1.7412073E-07, 1.0596373E-08, -1, 
verts, -1.5000002, 1.0000001, 1.4999998, 0.5800228, 0, -5.9604645E-08, -1, 0, -1, 5.9604645E-08, -1.6437453E-07, 1.748403E-07, 1.0596373E-08, -1, 
verts, 1.5000002, 0.99999994, -0.99999976, 0.71796906, 0.85148764, -1, 3.8146972E-08, -1.9073485E-07, 1.9073497E-07, 3.38144E-06, -1, -3.8146972E-08, -1, 1.8189895E-15, 
verts, 1.5000001, -1.5000001, -0.99999976, 0.85898507, 0.85148764, -1, 3.8146972E-08, -1.9073485E-07, 1.9073497E-07, 3.38144E-06, -1, -3.8146972E-08, -1, 1.8189895E-15, 
verts, 1.4999996, -1.5000001, 1.5000002, 0.8589846, 0.9925044, -1, 3.8146972E-08, -1.9073485E-07, 1.7484035E-07, 3.3814401E-06, -1, -2.543132E-08, -1, 3.4863959E-15, 
verts, 1.4999998, 0.99999994, 1.5000002, 0.7179686, 0.9925044, -1, 3.8146972E-08, -1.9073485E-07, 1.7484035E-07, 3.3814397E-06, -1, -2.5431317E-08, -1, 3.4863959E-15, 
verts, -1.5000004, -1.4999999, 1.4999998, 0.85733414, 0.5372549, 1, 0, 1.4305115E-07, 1.7484028E-07, 5.1257213E-22, -1, 2.5431314E-08, 1, -3.486396E-15, 
verts, -1.5000002, 1.0000001, 1.4999998, 0.99834883, 0.5372549, 1, 0, 1.4305115E-07, 1.7484028E-07, -2.8178928E-07, -1, 2.5431314E-08, 1, -3.486396E-15, 
verts, -1.5000006, 1.0000001, 3.9999998, 0.9983487, 0.6782718, 1, 0, 1.4305115E-07, 1.5099843E-07, -2.817893E-07, -1, 1.271566E-08, 1, -5.0780116E-15, 
verts, -1.5000007, -1.4999999, 3.9999998, 0.85733414, 0.6782718, 1, 0, 1.4305115E-07, 1.5099845E-07, -3.0316508E-16, -1, 1.271566E-08, 1, -2.4253185E-15, 
verts, -1.5000002, 1.0000001, 1.4999998, 0.72036886, 0.36100316, -5.9604645E-08, -1, -3.1789146E-08, -1, 5.9604645E-08, -1.6437453E-07, 1.748403E-07, 1.0596373E-08, -1, 
verts, 1.4999998, 0.99999994, 1.5000002, 0.72036886, 0.53022337, -5.9604645E-08, -1, -3.1789146E-08, -1, 5.9604645E-08, -1.4691024E-07, 1.7412073E-07, 1.0596373E-08, -1, 
verts, 1.4999994, 0.99999994, 4.0000005, 0.5793519, 0.53022337, -5.9604645E-08, -1, -3.1789146E-08, -1, 5.9604645E-08, -2.2036524E-07, 1.423316E-07, 2.1192756E-08, -1, 
verts, -1.5000006, 1.0000001, 3.9999998, 0.5793519, 0.36100316, -5.9604645E-08, -1, -3.1789146E-08, -1, 5.9604645E-08, -2.3482066E-07, 1.5894572E-07, 2.1192756E-08, -1, 
verts, 1.4999998, 0.99999994, 1.5000002, 0.14500582, 0.85243285, -0.99999994, 0, -1.4305112E-07, 1.7484035E-07, 3.3814397E-06, -1, -2.5431317E-08, -1, 3.4863959E-15, 
verts, 1.4999996, -1.5000001, 1.5000002, 0.28602183, 0.85243285, -0.99999994, 0, -1.4305112E-07, 1.7484035E-07, 3.3814401E-06, -1, -2.543132E-08, -1, 3.4863959E-15, 
verts, 1.4999993, -1.5000001, 4.0000005, 0.28602135, 0.9934497, -0.99999994, 0, -1.4305112E-07, 1.4305114E-07, 3.3814397E-06, -1, -1.0077417E-14, -1, 6.8212084E-15, 
verts, 1.4999994, 0.99999994, 4.0000005, 0.14500535, 0.9934497, -0.99999994, 0, -1.4305112E-07, 1.4305114E-07, 3.3814397E-06, -1, -1.0077417E-14, -1, 6.8212084E-15, 
verts, -1.5000007, -1.4999999, 3.9999998, 0.57131195, 0.85313225, 1, -3.814698E-08, 1.6689303E-07, 1.5099845E-07, -3.0316508E-16, -1, 1.271566E-08, 1, -2.4253185E-15, 
verts, -1.5000006, 1.0000001, 3.9999998, 0.71232665, 0.85313225, 1, -3.814698E-08, 1.6689303E-07, 1.5099843E-07, -2.817893E-07, -1, 1.271566E-08, 1, -5.0780116E-15, 
verts, -1.5000011, 1.0000001, 6.4999995, 0.7123265, 0.9941492, 1, -3.814698E-08, 1.6689303E-07, 1.6689303E-07, -9.094953E-16, -1, 3.814698E-08, 1, 6.366465E-15, 
verts, -1.5000011, -1.4999999, 6.4999995, 0.57131195, 0.9941492, 1, -3.814698E-08, 1.6689303E-07, 1.6689303E-07, -9.094953E-16, -1, 3.814698E-08, 1, 6.366465E-15, 
verts, -1.5000006, 1.0000001, 3.9999998, 0.2860222, 0.53820026, -5.9604645E-08, -1, 0, -1, 5.9604645E-08, -2.3482066E-07, 1.5894572E-07, 2.1192756E-08, -1, 
verts, 1.4999994, 0.99999994, 4.0000005, 0.2860222, 0.70742047, -5.9604645E-08, -1, 0, -1, 5.9604645E-08, -2.2036524E-07, 1.423316E-07, 2.1192756E-08, -1, 
verts, 1.4999989, 0.99999994, 6.5000005, 0.14500523, 0.70742047, -5.9604645E-08, -1, 0, -1, 5.9604645E-08, -2.9382034E-07, 1.7412076E-07, 1.0596373E-08, -1, 
verts, -1.5000011, 1.0000001, 6.4999995, 0.14500523, 0.53820026, -5.9604645E-08, -1, 0, -1, 5.9604645E-08, -1.8785651E-07, 1.7484028E-07, 1.0596373E-08, -1, 
verts, 1.4999994, 0.99999994, 4.0000005, 0.141016, 0.99345016, -1, 3.814697E-08, -1.6689299E-07, -1.668931E-07, -3.38144E-06, 1, 3.814697E-08, 1, 6.3664614E-15, 
verts, 1.4999993, -1.5000001, 4.0000005, 0, 0.99345016, -1, 3.814697E-08, -1.6689299E-07, -1.6689312E-07, -3.38144E-06, 1, 3.814697E-08, 1, -1.5916164E-15, 
verts, 1.4999989, -1.5000001, 6.5000005, 4.7683716E-07, 0.8524332, -1, 3.814697E-08, -1.6689299E-07, -1.668931E-07, -3.38144E-06, 1, 3.814697E-08, 1, 6.3664614E-15, 
verts, 1.4999989, 0.99999994, 6.5000005, 0.14101648, 0.8524332, -1, 3.814697E-08, -1.6689299E-07, -1.668931E-07, -3.38144E-06, 1, 3.814697E-08, 1, 6.3664614E-15, 
verts, 1.4999985, -1.5000001, 9, 0.7210398, 0.16922021, -3.973643E-08, 0, -1, 1, -7.044624E-08, -3.973643E-08, -4.7683717E-08, -1, 1.8947807E-15, 
verts, -1.5000015, -1.4999999, 9, 0.7210398, 0.33844042, -3.973643E-08, 0, -1, 1, -7.947286E-08, -3.973643E-08, 0, -1, 0, 
verts, -1.5000014, 1.0000001, 9, 0.58002293, 0.33844042, -3.973643E-08, 0, -1, 1, -7.044624E-08, -3.973643E-08, -4.7683717E-08, -1, 1.8947807E-15, 
verts, 1.4999986, 0.99999994, 9, 0.58002293, 0.16922021, -3.973643E-08, 0, -1, 1, -7.044624E-08, -3.973643E-08, -4.7683717E-08, -1, 1.8947807E-15, 
verts, -1.5000011, 1.0000001, 6.4999995, 0.7123289, 0.5372549, -5.9604645E-08, -1, -3.1789146E-08, -1, 5.9604645E-08, -1.8785651E-07, 1.7484028E-07, 1.0596373E-08, -1, 
verts, 1.4999989, 0.99999994, 6.5000005, 0.7123289, 0.70647514, -5.9604645E-08, -1, -3.1789146E-08, -1, 5.9604645E-08, -2.9382034E-07, 1.7412076E-07, 1.0596373E-08, -1, 
verts, 1.4999986, 0.99999994, 9, 0.57131195, 0.70647514, -5.9604645E-08, -1, -3.1789146E-08, -1, 5.9604645E-08, 0, 1.4305111E-07, 3.178914E-08, -1, 
verts, -1.5000014, 1.0000001, 9, 0.57131195, 0.5372549, -5.9604645E-08, -1, -3.1789146E-08, -1, 5.9604645E-08, 0, 1.4305111E-07, 3.178914E-08, -1, 
verts, 1.4999989, 0.99999994, 6.5000005, 0.72104025, 0.14501143, -1, 7.629397E-08, -1.6689306E-07, 1.6689333E-07, 3.3814406E-06, -1, -7.629397E-08, -1, -4.774853E-15, 
verts, 1.4999989, -1.5000001, 6.5000005, 0.86205626, 0.14501143, -1, 7.629397E-08, -1.6689306E-07, 1.6689333E-07, 3.3814406E-06, -1, -7.629397E-08, -1, -1.2732935E-14, 
verts, 1.4999985, -1.5000001, 9, 0.8620558, 0.2860284, -1, 7.629397E-08, -1.6689306E-07, 1.6689333E-07, 3.3814406E-06, -1, -7.629397E-08, -1, -4.774853E-15, 
verts, 1.4999986, 0.99999994, 9, 0.7210398, 0.2860284, -1, 7.629397E-08, -1.6689306E-07, 1.6689333E-07, 3.3814406E-06, -1, -7.629397E-08, -1, -4.774853E-15, 
verts, 1.5707107, -1.5000001, -1.0707104, 0, 0.0016521215, 0, -1, 2.6204394E-13, 1, -2.5880937E-08, 1.1383087E-05, -3.2978487E-06, 4.1984203E-13, 1, 
verts, 1.5999995, -1.5000001, 1.5000002, 0.1450054, 0, 0, -1, 2.6204394E-13, 1, 0, 0, -2.9905834E-07, 2.6204394E-13, 1, 
verts, 1.4999996, -1.5000001, 1.5000002, 0.1450054, 0.005640626, 0, -1, 2.6204394E-13, 1, 4.454416E-18, 1.6998736E-05, -1.8972014E-07, 2.6204394E-13, 1, 
verts, 1.5000001, -1.5000001, -0.99999976, 0.0039886236, 0.005640626, 0, -1, 2.6204394E-13, 1, -2.5880937E-08, 1.1150878E-05, 3.972715E-06, -1.438623E-13, 1, 
verts, -1.6000003, -1.4999999, 1.4999998, 0.1450054, 0.18050158, 0, -1, 3.4346886E-08, 1, 0, 0, -1.94004E-07, 3.4346886E-08, 1, 
verts, -1.5707104, -1.4999999, -1.0707109, 0, 0.17884946, 0, -1, 3.4346886E-08, 1, -2.588061E-08, 9.3978315E-06, 4.0823566E-06, 2.2897604E-08, 1, 
verts, -1.4999999, -1.4999999, -1.0000002, 0.0039885044, 0.17486095, 0, -1, 3.4346886E-08, 1, -2.5880937E-08, -1.8161256E-07, 3.9698593E-06, 2.2897604E-08, 1, 
verts, -1.5000004, -1.4999999, 1.4999998, 0.1450054, 0.17486095, 0, -1, 3.4346886E-08, 1, 0, 0, -1.94004E-07, 3.4346886E-08, 1, 
verts, -1.5707108, 1.0707108, 1.4999998, 0.43501616, 0.35935104, -6.2163485E-07, 0, 1, 1, -8.929393E-06, 6.2163485E-07, -2.5759393E-06, 1, -1.6028433E-12, 
verts, -1.6000003, -1.4999999, 1.4999998, 0.2900108, 0.36100316, -1.0990901E-06, 0, 1, 1, 0, 1.0990901E-06, 1.7361073E-07, 1, 1.9081384E-13, 
verts, -1.5000004, -1.4999999, 1.4999998, 0.2900108, 0.35536242, -1.0990901E-06, 0, 1, 1, -1.3356142E-05, 1.0990901E-06, 8.931448E-07, 1, 9.816465E-13, 
verts, -1.5000002, 1.0000001, 1.4999998, 0.43102765, 0.35536253, -6.181724E-07, 0, 1, 1, -8.923553E-06, 6.181724E-07, -5.501482E-06, 1, -3.3989554E-12, 
verts, 1.5707103, 1.0707105, 1.5000002, 0.43501616, 0.1821537, -6.21635E-07, 0, 1, 1, 3.7928637E-06, 6.21635E-07, -1.223826E-05, 1, -7.611175E-12, 
verts, 1.4999998, 0.99999994, 1.5000002, 0.43102765, 0.18614233, -6.181724E-07, 0, 1, 1, -3.891695E-08, 6.181724E-07, -1.1896627E-05, 1, -7.350348E-12, 
verts, 1.5999995, -1.5000001, 1.5000002, 0.2900108, 0.18050158, -1.0990902E-06, 0, 1, 1, 0, 1.0990902E-06, 8.915929E-07, 1, 9.799411E-13, 
verts, 1.4999996, -1.5000001, 1.5000002, 0.2900108, 0.1861422, -1.0990902E-06, 0, 1, 1, 0, 1.0990902E-06, 8.915929E-07, 1, 9.799411E-13, 
verts, -1.5707108, 1.0707108, 1.4999998, 0.29001093, 0.0016521215, 6.2163485E-07, 0, -1, -1, -5.7087473E-06, -6.2163485E-07, -8.236278E-06, 1, -5.120484E-12, 
verts, 1.5707103, 1.0707105, 1.5000002, 0.2900108, 0.17884946, 6.21635E-07, 0, -1, -1, -4.5386237E-06, -6.21635E-07, 6.3583097E-06, 1, 3.955646E-12, 
verts, 1.4999998, 0.99999994, 1.5000002, 0.2860223, 0.17486095, 6.181724E-07, 0, -1, -1, -4.1017997E-06, -6.181724E-07, -8.182823E-06, 1, -5.0625663E-12, 
verts, -1.5000002, 1.0000001, 1.4999998, 0.2860223, 0.005640626, 6.181724E-07, 0, -1, -1, 3.891579E-08, -6.181724E-07, -8.181879E-06, 1, -5.0619825E-12, 
verts, 1.5999995, -1.5000001, 1.5000002, 0.14500546, 0.18050158, 1.0990902E-06, 0, -1, -1, 0, -1.0990902E-06, 1.5956469E-07, 1, 1.7537599E-13, 
verts, 1.4999996, -1.5000001, 1.5000002, 0.14500546, 0.17486095, 1.0990902E-06, 0, -1, -1, -1.2422147E-05, -1.0990902E-06, 4.670034E-08, 1, 5.132789E-14, 
verts, 1.5999995, -1.5000001, 1.5000002, 0.44556665, 0.7144522, 0, -1, 2.2737368E-13, 1.44468E-07, -2.2737368E-13, -1, 1, 0, 0, 
verts, 1.5999992, -1.5000001, 4.0000005, 0.44556653, 0.85546905, 0, -1, 2.2737368E-13, -4.2005078E-07, -2.2737376E-13, -1, 1, 0, 0, 
verts, 1.4999993, -1.5000001, 4.0000005, 0.4399259, 0.85546905, 0, -1, 2.2737368E-13, 1.44468E-07, -2.2737376E-13, -1, 1, 0, 0, 
verts, 1.4999996, -1.5000001, 1.5000002, 0.4399259, 0.7144522, 0, -1, 2.2737368E-13, 1.44468E-07, -2.2737368E-13, -1, 1, 0, 0, 
verts, -1.6000006, -1.4999999, 3.9999998, 0.45120716, 0.85546905, 0, -1, 2.273739E-13, -4.2012735E-07, -2.273738E-13, -1, 1, 0, 0, 
verts, -1.6000003, -1.4999999, 1.4999998, 0.45120716, 0.7144522, 0, -1, 2.273739E-13, 1.4305115E-07, -2.273739E-13, -1, 1, 0, 0, 
verts, -1.5000004, -1.4999999, 1.4999998, 0.4568479, 0.7144522, 0, -1, 2.273739E-13, -7.017166E-07, -2.273739E-13, -1, 1, 0, 0, 
verts, -1.5000007, -1.4999999, 3.9999998, 0.4568478, 0.85546905, 0, -1, 2.273739E-13, -7.017166E-07, -2.273738E-13, -1, 1, 0, 0, 
verts, -1.5707111, 1.0707108, 3.9999998, 0.2900108, 0.35935104, -1.3626615E-07, 0, 1, 1, -9.153645E-06, 1.3626615E-07, -2.5759416E-06, 1, -3.5008425E-13, 
verts, -1.6000006, -1.4999999, 3.9999998, 0.14500546, 0.36100316, 0, 0, 1, 1, 0, 0, 1.7361073E-07, 1, 0, 
verts, -1.5000007, -1.4999999, 3.9999998, 0.14500546, 0.35536242, 0, 0, 1, 1, -1.3356142E-05, 0, 8.931448E-07, 1, 0, 
verts, -1.5000006, 1.0000001, 3.9999998, 0.2860223, 0.35536253, -1.372543E-07, 0, 1, 1, -8.924363E-06, 1.372543E-07, 4.461132E-06, 1, 6.136873E-13, 
verts, -1.6000003, -1.4999999, 1.4999998, 0.14500546, 0, 1.0990901E-06, 0, -1, -1, 0, -1.0990902E-06, 4.9532936E-08, 1, 5.4441162E-14, 
verts, -1.5000004, -1.4999999, 1.4999998, 0.14500546, 0.005640626, 1.0990901E-06, 0, -1, -1, 0, -1.0990902E-06, 4.9532936E-08, 1, 5.4441162E-14, 
verts, 1.57071, 1.0707105, 4.0000005, 0.29001093, 0.18215382, -1.362661E-07, 0, 1, 1, -5.788201E-06, 1.362661E-07, 8.070524E-06, 1, 1.0977634E-12, 
verts, 1.4999994, 0.99999994, 4.0000005, 0.2860223, 0.18614233, -1.3725432E-07, 0, 1, 1, -4.0537277E-08, 1.3725432E-07, 8.028602E-06, 1, 1.1047158E-12, 
verts, 1.5999992, -1.5000001, 4.0000005, 0.14500546, 0.18050158, 0, 0, 1, 1, 0, 0, 8.915929E-07, 1, 0, 
verts, 1.4999993, -1.5000001, 4.0000005, 0.14500546, 0.1861422, 0, 0, 1, 1, 0, 0, 8.915929E-07, 1, 0, 
verts, -1.5707111, 1.0707108, 3.9999998, 0.14500535, 0.1821537, 1.3626615E-07, 0, -1, -1, 3.8723188E-06, -1.3626615E-07, -8.2362785E-06, 1, -1.1185702E-12, 
verts, 1.57071, 1.0707105, 4.0000005, 0.14500535, 0.35935104, 1.362661E-07, 0, -1, -1, -4.090119E-06, -1.362661E-07, 6.3583097E-06, 1, 8.645636E-13, 
verts, 1.4999994, 0.99999994, 4.0000005, 0.14101684, 0.35536253, 1.3725432E-07, 0, -1, -1, -4.100177E-06, -1.3725432E-07, -8.182823E-06, 1, -1.123642E-12, 
verts, -1.5000006, 1.0000001, 3.9999998, 0.14101684, 0.1861422, 1.372543E-07, 0, -1, -1, 4.053849E-08, -1.372543E-07, -8.181879E-06, 1, -1.1235124E-12, 
verts, 1.5999992, -1.5000001, 4.0000005, 0, 0.36100316, 0, 0, -1, -1, 0, 0, 1.5956469E-07, 1, 0, 
verts, 1.4999993, -1.5000001, 4.0000005, 0, 0.35536253, 0, 0, -1, -1, -1.2422147E-05, 0, 4.670034E-08, 1, 0, 
verts, 1.5999992, -1.5000001, 4.0000005, 0.45120728, 0.71445227, 0, -1, 2.273739E-13, -4.2005078E-07, -2.2737376E-13, -1, 1, 0, 0, 
verts, 1.5999988, -1.5000001, 6.5000005, 0.45120716, 0.8554692, 0, -1, 2.273739E-13, -7.0231016E-07, -2.273739E-13, -1, 1, 0, 0, 
verts, 1.4999989, -1.5000001, 6.5000005, 0.44556653, 0.8554692, 0, -1, 2.273739E-13, 1.4446802E-07, -2.273739E-13, -1, 1, 0, 0, 
verts, 1.4999993, -1.5000001, 4.0000005, 0.44556653, 0.71445227, 0, -1, 2.273739E-13, 1.44468E-07, -2.2737376E-13, -1, 1, 0, 0, 
verts, -1.600001, -1.4999999, 6.4999995, 0.43428516, 0.855469, 0, -1, 2.2737368E-13, -7.0171666E-07, -2.2737368E-13, -1, 1, 0, 0, 
verts, -1.6000006, -1.4999999, 3.9999998, 0.43428516, 0.71445227, 0, -1, 2.2737368E-13, -4.2012735E-07, -2.273738E-13, -1, 1, 0, 0, 
verts, -1.5000007, -1.4999999, 3.9999998, 0.4399259, 0.71445227, 0, -1, 2.2737368E-13, -7.017166E-07, -2.273738E-13, -1, 1, 0, 0, 
verts, -1.5000011, -1.4999999, 6.4999995, 0.4399258, 0.855469, 0, -1, 2.2737368E-13, -7.0171666E-07, -2.2737368E-13, -1, 1, 0, 0, 
verts, -1.5707115, 1.0707108, 6.4999995, 0.43501616, 0.17884946, -1.3626644E-07, 2.599076E-13, 1, 1, -8.929408E-06, 1.3626644E-07, -3.1713714E-06, 1, -6.9310004E-13, 
verts, -1.600001, -1.4999999, 6.4999995, 0.2900108, 0.18050158, 0, 0, 1, 1, 0, 0, -6.723795E-08, 1, 0, 
verts, -1.5000011, -1.4999999, 6.4999995, 0.2900108, 0.17486095, 0, 0, 1, 1, -1.3356164E-05, 0, 0, 1, 0, 
verts, -1.5000011, 1.0000001, 6.4999995, 0.43102765, 0.17486095, -1.372544E-07, 2.61792E-13, 1, 1, -8.923568E-06, 1.372544E-07, 4.4364765E-06, 1, 3.4506285E-13, 
verts, -1.6000006, -1.4999999, 3.9999998, 0, 0.18050158, 0, 0, -1, -1, 0, 0, 4.9532936E-08, 1, 0, 
verts, -1.5000007, -1.4999999, 3.9999998, 0, 0.1861422, 0, 0, -1, -1, 0, 0, 4.9532936E-08, 1, 0, 
verts, 1.5707096, 1.0707105, 6.5000005, 0.43501616, 0.0016522408, -1.362661E-07, 2.5990695E-13, 1, 1, 3.7928567E-06, 1.362661E-07, 9.2181535E-06, 1, 9.995852E-13, 
verts, 1.4999989, 0.99999994, 6.5000005, 0.43102765, 0.005640745, -1.372545E-07, 2.617922E-13, 1, 1, -3.891695E-08, 1.372545E-07, 9.155016E-06, 1, 9.90632E-13, 
verts, 1.5999988, -1.5000001, 6.5000005, 0.2900108, 0, 0, 0, 1, 1, 0, 0, 8.461877E-07, 1, 0, 
verts, 1.4999989, -1.5000001, 6.5000005, 0.2900108, 0.005640626, 0, 0, 1, 1, 0, 0, 8.461877E-07, 1, 0, 
verts, -1.500001, 1.1000001, 6.4999995, 0.579352, 0.36100316, 3.444007E-07, -1.2988181E-07, -1, -0.9999545, 0.009537831, -3.4562382E-07, 0.009532564, 0.9999546, -1.2659291E-07, 
verts, 1.5707096, 1.0707105, 6.5000005, 0.579352, 0.53421986, 1.7199959E-07, -6.48652E-08, -1, -0.9999545, 0.009537793, -1.7261043E-07, 0.009532935, 0.9999545, -6.3222586E-08, 
verts, 1.4999989, 0.99999994, 6.5000005, 0.5753256, 0.5302695, 1.7220037E-07, -6.494091E-08, -1, -0.9999545, 0.009537715, -1.7281194E-07, 0.009534403, 0.9999545, -6.3296135E-08, 
verts, -1.5000011, 1.0000001, 6.4999995, 0.57371163, 0.36105692, 3.444007E-07, -1.2988181E-07, -1, -0.9999545, 0.009537831, -3.4562382E-07, 0.009532564, 0.9999546, -1.2659291E-07, 
verts, 1.5999988, -1.5000001, 6.5000005, 0.43436897, 0.5372549, 0, 0, -1, -0.9999546, 0.009530233, 0, 0.009537892, 0.9999545, 0, 
verts, 1.4999989, -1.5000001, 6.5000005, 0.4343152, 0.53161454, 0, 0, -1, -0.9999545, 0.009537485, 0, 0.00953808, 0.9999545, 0, 
verts, 1.5999988, -1.5000001, 6.5000005, 0.2893324, 0.36100316, 0, -1, 3.434681E-08, 0.9999544, -3.2809885E-10, -0.009552527, 0.009537993, 3.4345252E-08, 0.9999546, 
verts, 1.570709, -1.5000001, 9.070711, 0.4343152, 0.36403823, -3.9149782E-08, -0.99999994, 1.719333E-08, 0.9999545, -3.931192E-08, -0.009533566, 0.009535109, 1.6819255E-08, 0.9999545, 
verts, 1.4999985, -1.5000001, 9, 0.4302888, 0.3679886, -3.9195182E-08, -1, 1.7173434E-08, 0.99995446, -3.9357353E-08, -0.009546905, 0.0095354915, 1.6798909E-08, 0.9999545, 
verts, 1.4999989, -1.5000001, 6.5000005, 0.2892785, 0.36664355, 0, -1, 3.434681E-08, 0.9999544, -3.2809885E-10, -0.009552527, 0.009537993, 3.4345252E-08, 0.9999546, 
verts, -1.5000014, 1.0707108, 9.070711, 0.5729641, 0.8514805, -0.99999994, 0, -8.9788706E-08, 8.978872E-08, -1.9158852E-06, -1, 4.754316E-12, -1, -5.3184664E-05, 
verts, -1.500001, 1.1000001, 6.4999995, 0.57131195, 0.70647526, -1, 0, -1.6014893E-07, 1.6014893E-07, -1.2694922E-07, -1, 0, -1, 1.9091235E-13, 
verts, -1.5000011, 1.0000001, 6.4999995, 0.5769526, 0.70647526, -1, 0, -1.6014893E-07, 1.6014893E-07, 0, -1, 1.2893254E-11, -1, -8.0510246E-05, 
verts, -1.5000014, 1.0000001, 9, 0.5769526, 0.8474922, -1, 0, -8.9789104E-08, 8.9789104E-08, 0, -1, 4.7163016E-12, -1, -5.25466E-05, 
verts, -1.5000015, -1.4999999, 9.1, 0.7179686, 0.85313225, -1, 0, -1.9429079E-08, 1.9429079E-08, 0, -1, -6.6922325E-14, -1, 3.3806944E-06, 
verts, -1.5000015, -1.4999999, 9, 0.7179686, 0.84749174, -1, 0, -1.9429079E-08, 1.9429079E-08, 0, -1, -6.6922325E-14, -1, 3.3806944E-06, 
verts, -1.5000015, -1.4999999, 9.1, 0.4343152, 0.5372549, -7.8390514E-08, -1, 0, 0.9999545, -7.838695E-08, -0.009537828, 0.009532092, -7.4722556E-10, 0.9999546, 
verts, -1.5000015, -1.4999999, 9, 0.42867517, 0.53720117, -7.8390514E-08, -1, 0, 0.9999545, -7.8386954E-08, -0.009535661, 0.00953049, -7.471009E-10, 0.9999546, 
 //indices are one per line 
inds, 0
inds, 1
inds, 2
inds, 0
inds, 2
inds, 3
inds, 4
inds, 5
inds, 6
inds, 4
inds, 6
inds, 7
inds, 8
inds, 9
inds, 10
inds, 8
inds, 10
inds, 11
inds, 12
inds, 13
inds, 14
inds, 12
inds, 14
inds, 15
inds, 16
inds, 17
inds, 18
inds, 16
inds, 18
inds, 19
inds, 20
inds, 21
inds, 22
inds, 20
inds, 22
inds, 23
inds, 24
inds, 25
inds, 26
inds, 24
inds, 26
inds, 27
inds, 17
inds, 28
inds, 29
inds, 17
inds, 29
inds, 18
inds, 30
inds, 31
inds, 32
inds, 30
inds, 32
inds, 33
inds, 34
inds, 35
inds, 36
inds, 34
inds, 36
inds, 37
inds, 38
inds, 39
inds, 40
inds, 38
inds, 40
inds, 41
inds, 42
inds, 43
inds, 44
inds, 42
inds, 44
inds, 45
inds, 46
inds, 47
inds, 48
inds, 46
inds, 48
inds, 49
inds, 50
inds, 51
inds, 52
inds, 50
inds, 52
inds, 53
inds, 54
inds, 55
inds, 56
inds, 54
inds, 56
inds, 57
inds, 58
inds, 59
inds, 60
inds, 58
inds, 60
inds, 61
inds, 62
inds, 63
inds, 64
inds, 62
inds, 64
inds, 65
inds, 66
inds, 67
inds, 68
inds, 66
inds, 68
inds, 69
inds, 70
inds, 71
inds, 72
inds, 70
inds, 72
inds, 73
inds, 74
inds, 75
inds, 76
inds, 74
inds, 76
inds, 77
inds, 78
inds, 79
inds, 80
inds, 78
inds, 80
inds, 81
inds, 82
inds, 83
inds, 84
inds, 82
inds, 84
inds, 85
inds, 86
inds, 87
inds, 88
inds, 86
inds, 88
inds, 89
inds, 90
inds, 91
inds, 92
inds, 90
inds, 92
inds, 93
inds, 94
inds, 95
inds, 96
inds, 94
inds, 96
inds, 97
inds, 98
inds, 99
inds, 100
inds, 98
inds, 100
inds, 101
inds, 102
inds, 103
inds, 104
inds, 102
inds, 104
inds, 105
inds, 106
inds, 102
inds, 105
inds, 106
inds, 105
inds, 107
inds, 108
inds, 106
inds, 107
inds, 108
inds, 107
inds, 109
inds, 99
inds, 94
inds, 97
inds, 99
inds, 97
inds, 100
inds, 110
inds, 111
inds, 112
inds, 110
inds, 112
inds, 113
inds, 111
inds, 114
inds, 115
inds, 111
inds, 115
inds, 112
inds, 116
inds, 117
inds, 118
inds, 116
inds, 118
inds, 119
inds, 120
inds, 121
inds, 122
inds, 120
inds, 122
inds, 123
inds, 124
inds, 125
inds, 126
inds, 124
inds, 126
inds, 127
inds, 128
inds, 110
inds, 113
inds, 128
inds, 113
inds, 129
inds, 130
inds, 124
inds, 127
inds, 130
inds, 127
inds, 131
inds, 132
inds, 130
inds, 131
inds, 132
inds, 131
inds, 133
inds, 134
inds, 135
inds, 136
inds, 134
inds, 136
inds, 137
inds, 135
inds, 138
inds, 139
inds, 135
inds, 139
inds, 136
inds, 140
inds, 141
inds, 142
inds, 140
inds, 142
inds, 143
inds, 144
inds, 145
inds, 146
inds, 144
inds, 146
inds, 147
inds, 148
inds, 149
inds, 150
inds, 148
inds, 150
inds, 151
inds, 152
inds, 134
inds, 137
inds, 152
inds, 137
inds, 153
inds, 154
inds, 148
inds, 151
inds, 154
inds, 151
inds, 155
inds, 156
inds, 154
inds, 155
inds, 156
inds, 155
inds, 157
inds, 158
inds, 159
inds, 160
inds, 158
inds, 160
inds, 161
inds, 159
inds, 162
inds, 163
inds, 159
inds, 163
inds, 160
inds, 164
inds, 165
inds, 166
inds, 164
inds, 166
inds, 167
inds, 168
inds, 169
inds, 170
inds, 168
inds, 170
inds, 171
inds, 172
inds, 168
inds, 171
inds, 172
inds, 171
inds, 173
inds, 165
inds, 174
inds, 175
inds, 165
inds, 175
inds, 166
